10      0
11      0
12      0
13      0
14      0
15      0
16      0
17      0.001
18      0
19      0
20      0.001
21      0
22      0.001
23      0.001
24      0.001
25      0.002
26      0.003
27      0.003
28      0.006
29      0.006
30      0.009
31      0.012
32      0.012
33      0.021
34      0.033
35      0.032
36      0.043
37      0.06
38      0.074
39      0.103
40      0.119
41      0.177
42      0.184
43      0.293
44      0.38
45      0.558
46      0.729
47      0.766
48      0.967
49      0.934
50      1.532
51      2.222
52      2.77
53      3.468
54      4.725
55      5.796
56      6.768
57      10.36
58      11.412
59      13.502
60      17.814
61      26.391
62      31.646
63      50.449
64      64.478
65      61.492
66      75.66110      0
11      0
12      0
13      0
14      0
15      0
16      0
17      0.001
18      0
19      0
20      0.001
21      0
22      0.001
23      0.001
24      0.001
25      0.002
26      0.003
27      0.003
28      0.006
29      0.006
30      0.009
31      0.012
32      0.012
33      0.021
34      0.033
35      0.032
36      0.043
37      0.06
38      0.074
39      0.103
40      0.119
41      0.177
42      0.184
43      0.293
44      0.38
45      0.558
46      0.729
47      0.766
48      0.967
49      0.934
50      1.532
51      2.222
52      2.77
53      3.468
54      4.725
55      5.796
56      6.768
57      10.36
58      11.412
59      13.502
60      17.814
61      26.391
62      31.646
63      50.449
64      64.478
65      61.492
66      75.661
67      93.021
68      105.918
69      154.559
70      163.629
71      253.76
72      329.892
73      425.637
74      485.917
75      851.445
76      925.053
77      1244.96
78      1373.12
79      1879.09
80      2376.96
81      2941.37
67      93.021
68      105.918
69      154.559
70      163.629
71      253.76
72      329.892
73      425.637
74      485.917
75      851.445
76      925.053
77      1244.96
78      1373.12
79      1879.09
80      2376.96
81      2941.37